id,item,vowel,language,f1_cent,f2_cent,tl,f1_20,f1_35,f1_50,f1_65,f1_80,f2_20,f2_35,f2_50,f2_65,f2_80
kp,meet,i,en,278.98,2180.45,776.94,306.88,298.20,281.14,255.52,253.15,2273.21,2303.98,1915.55,2139.30,2270.23
kp,beat,i,en,247.77,2128.53,551.44,242.31,244.61,247.26,250.81,253.89,2061.11,1923.81,2013.81,2306.23,2337.71
kp,feet,i,en,245.81,1970.73,874.91,246.85,246.05,245.09,244.51,246.58,1671.67,1952.33,2253.50,2015.70,1960.47
kp,seat,i,en,277.64,2294.28,394.47,280.13,292.13,290.27,272.28,253.41,2363.26,2264.01,2300.62,2196.34,2347.18
kp,heat,i,en,249.85,2159.44,776.08,247.69,247.00,248.18,249.11,257.27,2171.14,2388.39,2301.38,2106.57,1829.70
kp,fleet,i,en,252.58,2255.32,573.42,261.54,259.18,250.54,246.84,244.78,2081.94,2348.63,2213.54,2247.82,2384.69
kp,moss,a,en,982.31,1476.93,754.94,873.23,977.98,980.58,1022.82,1056.93,1322.01,1691.24,1505.22,1502.39,1363.76
kp,bot,a,en,924.09,1317.66,162.80,945.76,903.11,931.64,931.94,908.00,1347.27,1325.14,1279.86,1317.08,1318.94
kp,fought,a,en,908.69,1194.89,695.90,854.13,891.43,834.56,1030.90,932.46,1227.38,1093.45,1150.28,1121.64,1381.69
kp,sought,a,en,961.70,1305.02,527.38,1053.97,925.51,886.06,1021.72,921.22,1430.79,1293.27,1261.85,1216.78,1322.40
kp,caught,a,en,980.29,1356.16,948.48,910.58,880.87,837.15,1134.67,1138.15,1311.38,1284.67,1217.91,1639.71,1327.16
kp,brought,a,en,950.15,1201.93,370.90,882.89,888.84,984.61,1013.10,981.29,1272.32,1170.01,1184.74,1242.45,1140.14
kp,moot,u,en,254.98,1356.08,190.15,258.10,251.11,251.12,253.31,261.26,1422.03,1412.17,1386.60,1325.10,1234.50
kp,boot,u,en,289.74,1297.25,163.74,314.13,312.54,305.40,265.08,251.58,1318.08,1322.71,1343.64,1281.49,1220.32
kp,food,u,en,250.14,1321.78,188.36,259.51,250.01,248.30,245.91,246.97,1397.78,1381.12,1356.50,1261.47,1212.03
kp,sooth,u,en,251.34,1830.53,192.60,252.67,248.21,246.44,250.66,258.70,1917.75,1894.36,1843.63,1770.47,1726.45
kp,cooed,u,en,254.55,1425.81,167.24,258.80,257.18,254.39,252.77,249.59,1532.35,1436.32,1406.81,1388.00,1365.54
kp,dude,u,en,290.75,1849.11,297.47,290.45,283.38,286.98,292.16,300.77,1980.50,1937.44,1858.67,1784.70,1684.24
kp,mis,i,sp,255.66,2365.67,208.08,252.90,254.64,258.14,256.12,256.48,2319.77,2318.19,2383.67,2443.51,2363.24
kp,bis,i,sp,251.61,2260.56,70.75,253.64,248.34,248.81,250.70,256.54,2234.28,2243.44,2282.31,2280.09,2262.66
kp,pis,i,sp,247.50,2290.97,620.99,252.18,251.04,248.28,244.66,241.32,2294.12,2346.27,2088.30,2375.01,2351.14
kp,cito,i,sp,255.19,2310.59,463.37,258.30,257.88,256.19,253.80,249.76,2320.08,2333.08,2405.81,2425.74,2068.21
kp,fito,i,sp,248.74,2260.61,247.27,250.30,250.55,248.39,248.67,245.79,2258.15,2300.41,2302.70,2180.89,2260.90
kp,quito,i,sp,257.28,2086.82,693.27,257.72,257.85,259.65,256.70,254.49,2239.29,2321.41,1928.65,1885.04,2059.71
kp,mas,a,,923.20,1440.61,179.86,946.95,919.12,901.68,924.08,924.17,1395.61,1390.37,1413.22,1471.94,1531.88
kp,vas,a,sp,762.44,1385.75,194.33,698.08,713.58,756.27,809.02,835.27,1320.93,1337.72,1381.08,1446.54,1442.49
kp,pasa,a,sp,1152.41,1509.17,400.62,1009.61,1184.72,1191.98,1191.31,1184.42,1288.55,1496.95,1560.37,1575.55,1624.46
kp,sala,a,sp,816.53,1407.81,361.35,737.25,807.84,916.35,856.55,764.68,1428.81,1369.94,1410.94,1421.14,1408.21
kp,fama,a,sp,1018.15,1476.09,951.91,1130.12,960.83,896.95,1042.44,1060.41,1587.38,1397.98,1197.81,1542.58,1654.70
kp,cama,a,sp,924.21,1433.01,394.56,886.18,1028.04,898.74,894.06,914.00,1488.82,1436.35,1472.37,1397.63,1369.86
kp,musa,u,sp,319.81,851.56,294.40,329.29,317.66,319.01,315.81,317.26,851.57,799.53,767.75,862.01,976.96
kp,bulto,u,sp,265.11,868.99,460.38,278.95,265.43,258.77,259.59,262.83,724.29,727.62,809.00,910.29,1173.77
kp,puso,u,sp,255.97,1061.61,1882.84,283.07,263.78,251.35,240.62,241.03,2260.91,637.94,729.03,784.36,895.82
kp,supo,u,sp,270.45,797.50,338.31,274.87,267.34,276.36,268.71,264.99,1019.70,826.18,723.60,725.76,692.26
kp,fumo,u,sp,323.65,950.86,1941.34,321.78,313.79,322.58,329.95,330.15,912.34,609.30,431.66,909.08,1891.94
kp,cura,u,sp,314.69,874.44,312.24,308.18,309.87,312.55,317.24,325.59,848.43,779.95,829.43,891.22,1023.18
